C:\Users\HP\Documents\GitHub\mlframework>python scikit_linear_dataset2_10fold.py
RMSE :  4532.56706173

R2 :  0.0195988294159
